178 81 0.018867924528301886
178 70 0.07547169811320754
178 642 0.6415094339622641
178 618 0.22641509433962265
178 606 0.03773584905660377
42 70 0.04
42 642 0.216
42 619 0.023999999999999997
42 618 0.696
42 616 0.023999999999999997
137 83 0.09523809523809525
137 81 0.09523809523809525
137 70 0.07142857142857142
137 642 0.5952380952380952
137 619 0.14285714285714285
368 83 0.024242424242424242
368 81 0.012121212121212121
368 70 0.1878787878787879
368 642 0.7515151515151516
368 619 0.024242424242424242
111 83 0.02094240837696335
111 81 0.031413612565445025
111 70 0.24083769633507854
111 642 0.7015706806282722
111 619 0.005235602094240837
284 81 0.028225806451612906
284 70 0.07258064516129033
284 642 0.7540322580645162
284 619 0.0685483870967742
284 618 0.07661290322580645
155 81 0.012048192771084336
155 70 0.09036144578313253
155 642 0.3253012048192771
155 618 0.5602409638554217
155 616 0.012048192771084336
519 70 0.01298701298701299
519 642 0.3636363636363637
519 618 0.5584415584415585
519 606 0.05194805194805196
519 600 0.01298701298701299
461 81 0.008379888268156423
461 70 0.04189944134078211
461 642 0.3547486033519553
461 618 0.5865921787709497
461 616 0.008379888268156423
160 70 0.3492063492063492
160 642 0.2857142857142857
160 618 0.031746031746031744
160 606 0.2380952380952381
160 584 0.09523809523809523
311 70 0.12121212121212122
311 642 0.24242424242424243
311 618 0.12121212121212122
311 584 0.2727272727272727
311 522 0.24242424242424243
303 81 0.02247191011235955
303 642 0.056179775280898875
303 618 0.10112359550561797
303 584 0.24719101123595505
303 52 0.5730337078651685
516 70 0.25531914893617025
516 642 0.5531914893617021
516 618 0.12765957446808512
516 616 0.02127659574468085
516 606 0.0425531914893617
52 70 0.03003003003003003
52 642 0.18018018018018017
52 619 0.0030030030030030034
52 618 0.7777777777777778
52 616 0.009009009009009009
262 618 0.015624999999999998
262 584 0.031249999999999997
262 522 0.40625
262 52 0.53125
262 519 0.015624999999999998
260 81 0.024390243902439025
260 642 0.024390243902439025
260 618 0.6097560975609757
260 606 0.14634146341463417
260 584 0.1951219512195122
618 642 0.005917159763313609
618 619 0.005917159763313609
618 584 0.09467455621301775
618 52 0.7662721893491125
618 519 0.1272189349112426
228 81 0.019512195121951223
228 70 0.10731707317073172
228 642 0.20975609756097563
228 618 0.6390243902439026
228 616 0.024390243902439025
48 70 0.42574257425742584
48 642 0.22772277227722776
48 619 0.009900990099009903
48 606 0.03960396039603961
48 584 0.29702970297029707
449 70 0.125
449 619 0.125
449 618 0.125
449 606 0.25
449 584 0.37499999999999994
188 70 0.04301075268817204
188 642 0.1344086021505376
188 618 0.7526881720430106
188 608 0.016129032258064512
188 606 0.05376344086021504
505 70 0.038461538461538464
505 642 0.34615384615384615
505 619 0.01098901098901099
505 618 0.5989010989010989
505 616 0.005494505494505495
33 81 0.08064516129032258
33 70 0.16129032258064516
33 642 0.22580645161290322
33 618 0.5
33 616 0.03225806451612903
453 618 0.017241379310344827
453 584 0.05172413793103448
453 52 0.689655172413793
453 519 0.1206896551724138
453 516 0.1206896551724138
200 81 0.0909090909090909
200 70 0.0909090909090909
200 619 0.3636363636363636
200 618 0.3636363636363636
200 616 0.0909090909090909
460 642 0.15384615384615383
460 618 0.10256410256410255
460 598 0.025641025641025637
460 584 0.641025641025641
460 522 0.07692307692307691
50 70 0.16666666666666669
50 642 0.4444444444444445
50 618 0.05555555555555556
50 606 0.16666666666666669
50 584 0.16666666666666669
584 81 0.04918032786885245
584 70 0.01639344262295082
584 642 0.36065573770491804
584 618 0.5245901639344263
584 616 0.04918032786885245
101 584 0.16666666666666666
101 52 0.3333333333333333
101 516 0.16666666666666666
101 505 0.16666666666666666
101 50 0.16666666666666666
236 70 0.043478260869565216
236 642 0.17391304347826086
236 618 0.4927536231884058
236 584 0.2753623188405797
236 522 0.014492753623188406
288 70 0.125
288 642 0.25
288 606 0.25
288 584 0.125
288 522 0.25
606 70 0.03571428571428572
606 600 0.03571428571428572
606 52 0.7142857142857143
606 519 0.14285714285714288
606 516 0.07142857142857144
357 584 0.058823529411764705
357 505 0.11764705882352941
357 48 0.35294117647058826
357 460 0.17647058823529413
357 368 0.2941176470588235
337 642 0.23076923076923078
337 619 0.07692307692307693
337 618 0.3076923076923077
337 606 0.23076923076923078
337 584 0.15384615384615385
23 70 0.12121212121212122
23 584 0.12121212121212122
23 52 0.5757575757575758
23 519 0.030303030303030304
23 516 0.15151515151515152
279 642 0.0136986301369863
279 618 0.2328767123287671
279 606 0.0136986301369863
279 584 0.1506849315068493
279 52 0.589041095890411
70 642 0.07142857142857142
70 606 0.07142857142857142
70 584 0.07142857142857142
70 52 0.7142857142857143
70 519 0.07142857142857142
642 70 0.011494252873563218
642 618 0.022988505747126436
642 584 0.25287356321839083
642 522 0.022988505747126436
642 52 0.6896551724137931
619 618 0.2857142857142857
619 52 0.14285714285714285
619 505 0.2857142857142857
619 48 0.14285714285714285
619 449 0.14285714285714285
152 50 0.2
152 48 0.2
152 368 0.2
152 33 0.2
152 303 0.2
25 584 0.1
25 52 0.1
25 505 0.30000000000000004
25 461 0.4
25 42 0.1
522 642 0.01941747572815534
522 584 0.00970873786407767
522 52 0.18446601941747573
522 519 0.04854368932038835
522 516 0.7378640776699029
437 70 0.11363636363636363
437 52 0.022727272727272728
437 516 0.045454545454545456
437 50 0.29545454545454547
437 48 0.5227272727272727
81 584 0.19999999999999998
81 461 0.19999999999999998
81 368 0.13333333333333333
81 33 0.3333333333333333
81 303 0.13333333333333333
557 584 0.11999999999999998
557 52 0.15999999999999998
557 505 0.23999999999999996
557 48 0.15999999999999998
557 461 0.31999999999999995
616 584 0.27272727272727276
616 52 0.27272727272727276
616 516 0.09090909090909093
616 505 0.09090909090909093
616 461 0.27272727272727276
115 642 0.046153846153846156
115 584 0.10769230769230768
115 52 0.29230769230769227
115 519 0.07692307692307693
115 505 0.4769230769230769
181 642 0.16666666666666666
181 52 0.16666666666666666
181 505 0.16666666666666666
181 368 0.16666666666666666
181 284 0.3333333333333333
154 522 0.08333333333333333
154 505 0.25
154 50 0.16666666666666666
154 48 0.25
154 460 0.25
434 52 0.2
434 516 0.2
434 368 0.2
434 236 0.2
434 111 0.2
373 368 0.2
373 284 0.2
373 178 0.26666666666666666
373 137 0.06666666666666667
373 111 0.26666666666666666
126 642 0.14285714285714288
126 505 0.28571428571428575
126 50 0.14285714285714288
126 368 0.28571428571428575
126 228 0.14285714285714288
210 522 0.19999999999999998
210 52 0.12
210 505 0.12
210 50 0.25999999999999995
210 48 0.3
316 606 0.04761904761904762
316 557 0.04761904761904762
316 52 0.2857142857142857
316 505 0.2857142857142857
316 461 0.33333333333333337
189 52 0.2
189 453 0.2
189 368 0.2
189 33 0.2
189 284 0.2
165 584 0.15384615384615385
165 52 0.07692307692307693
165 461 0.3076923076923077
165 284 0.38461538461538464
165 260 0.07692307692307693
122 48 0.16666666666666669
122 311 0.16666666666666669
122 284 0.16666666666666669
122 228 0.33333333333333337
122 188 0.16666666666666669
246 461 0.25
246 303 0.5
246 284 0.25
149 111 1.0
388 284 1.0
370 516 0.3333333333333333
370 461 0.6666666666666666
128 70 0.2
128 52 0.2
128 505 0.2
128 284 0.2
128 228 0.2
503 368 0.25
503 284 0.25
503 188 0.25
503 111 0.25
600 606 0.08333333333333334
600 519 0.08333333333333334
600 368 0.33333333333333337
600 284 0.33333333333333337
600 111 0.16666666666666669
241 111 1.0
598 460 0.2
598 368 0.2
598 284 0.2
598 111 0.4
113 618 0.3333333333333333
113 519 0.08333333333333333
113 505 0.16666666666666666
113 461 0.25
113 42 0.16666666666666666
156 519 0.18181818181818182
156 368 0.36363636363636365
156 137 0.36363636363636365
156 111 0.09090909090909091
187 516 0.25
187 48 0.25
187 449 0.25
187 311 0.25
608 368 0.26666666666666666
608 284 0.26666666666666666
608 188 0.2
608 111 0.26666666666666666
83 368 0.3333333333333333
83 137 0.3333333333333333
83 111 0.3333333333333333
