29 155 123950,53517,106068,59598,7503,171811,25618,147905,203432,123580,178091,154365,127004,31897,82406
49 228 73035,33202,116593,48909,92233,181255,127004,38910,182506,181709,207662,154365,103661,24893
59 284 123950,38910,22837,5026,15459,47776,158346,101881,131272,176333,196079,23211,148988,144893,167633
109 461 122071,35420,123950,27207,116593,24893,31897,190554,196564,120213,200685,163272
119 368 48909,125706,116593,179606,20819,158346,157222,154859,204385,212955,133624,24893
154 188 48909,53517,116593,55095,15633,100053,141421,121272,62663
179 228 129343,67965,128624,123950,33202,116593,218823,147905,181255,181709,123491,143862
264 368 123950,33202,116593,154365,129681,76342,105847,171786,207377,20819,31897,140340,129681,84227
374 368 90216,136738,38910,129681,64409,107185,151699,142489,20819,157222,130974,94517,80285,105109,109856
414 368 8640,20864,20819,48909,53517,116593,148988,127004,5026,195998,204385,20819,154365
